{
 "cells": [
  {
   "cell_type": "code",
   "execution_count": 104,
   "metadata": {},
   "outputs": [],
   "source": [
    "import os\n",
    "import re\n",
    "from collections import defaultdict"
   ]
  },
  {
   "cell_type": "code",
   "execution_count": 105,
   "metadata": {},
   "outputs": [],
   "source": [
    "#log_filename = \"../simulation_results/hoya/transport_output_messages.txt\"\n",
    "#log_filename = \"../simulation_results/hoya/inertial_output_messages.txt\"\n",
    "#log_filename = \"../simulation_results/hoya_iranian/transport_output_messages.txt\"\n",
    "log_filename = \"../simulation_results/hoya_iranian/out_iranian_50_05_02_transport_classic.txt\"\n",
    "dim = 50,50\n",
    "patt_out_line = \"\\{\\((?P<x>\\w+),(?P<y>\\w+)\\).*<(?P<state>[\\w,. -]+)>\""
   ]
  },
  {
   "cell_type": "code",
   "execution_count": 106,
   "metadata": {},
   "outputs": [],
   "source": [
    "COLOR_SUSCEPTIBLE = \"#3498db\"\n",
    "COLOR_INFECTED = \"#e74c3c\"\n",
    "COLOR_RECOVERED = \"#2ecc71\""
   ]
  },
  {
   "cell_type": "code",
   "execution_count": 107,
   "metadata": {},
   "outputs": [],
   "source": [
    "\"\"\"def time_str_to_ts(time_str):\n",
    "  patt_time = \"([0-9]{2}):([0-9]{2}):([0-9]{2}):([0-9]{3})\"\n",
    "  match = re.match(patt_time, time_str)\n",
    "  if not match:\n",
    "    raise RuntimeError(\"Error converting simulation time\")\n",
    "  tu = list(map(int, match.groups()))\n",
    "  return tu[3] + tu[2]*1000 + tu[1]*60000 + tu[0]*3600000\"\"\"\n",
    "\n",
    "def curr_states_to_df_row(sim_time, curr_states):\n",
    "    sus_acc = 0\n",
    "    inf_acc = 0\n",
    "    rec_acc = 0\n",
    "    for i in range(len(curr_states)):\n",
    "        for j in range(len(curr_states[0])):\n",
    "            #print(curr_states[i][j])\n",
    "            sus, inf, rec = curr_states[i][j]\n",
    "            sus_acc += sus\n",
    "            inf_acc += inf\n",
    "            rec_acc += rec\n",
    "            \n",
    "            assert 0.999 <= sus + inf + rec < 1.001, (curr_time, i, j,sus + inf + rec)\n",
    "            \n",
    "    num_cells = len(curr_states) * len(curr_states[0])\n",
    "    sus_acc /= num_cells\n",
    "    inf_acc /= num_cells\n",
    "    rec_acc /= num_cells\n",
    "    \n",
    "    assert 0.999 <= sus_acc + inf_acc + rec_acc < 1.001, (curr_time, sus_acc + inf_acc + rec_acc)\n",
    "    \n",
    "    return [int(sim_time), sus_acc, inf_acc, rec_acc]"
   ]
  },
  {
   "cell_type": "code",
   "execution_count": 108,
   "metadata": {},
   "outputs": [],
   "source": [
    "curr_time = None\n",
    "curr_states = []\n",
    "\n",
    "for _ in range(dim[0]):\n",
    "    curr_states.append([])\n",
    "    for _ in range(dim[1]):\n",
    "        curr_states[-1].append([1, 0, 0])"
   ]
  },
  {
   "cell_type": "code",
   "execution_count": 109,
   "metadata": {},
   "outputs": [
    {
     "name": "stdout",
     "output_type": "stream",
     "text": [
      "0\n"
     ]
    }
   ],
   "source": [
    "states = [\"sus\", \"infec\", \"rec\"]\n",
    "data = []\n",
    "curr_data = []\n",
    "\n",
    "with open(log_filename, \"r\") as log_file:\n",
    "    for line in log_file:\n",
    "        line = line.strip()\n",
    "        if line.isnumeric() and line != curr_time:\n",
    "            curr_time = line\n",
    "            data.append(curr_states_to_df_row(curr_time, curr_states))\n",
    "            continue\n",
    "\n",
    "        #print(line)\n",
    "        match = re.search(patt_out_line, line)\n",
    "        if not match:\n",
    "            print(line)\n",
    "            continue\n",
    "\n",
    "        x = int(match.group(\"x\"))\n",
    "        y = int(match.group(\"y\"))\n",
    "\n",
    "        state = list(map(float, match.group(\"state\").split(\",\")[-3:]))\n",
    "        #print(\"Modifying %d,%d\" % (x,y), state)\n",
    "        curr_states[x][y] = state\n",
    "        \n",
    "    data.append(curr_states_to_df_row(curr_time, curr_states))"
   ]
  },
  {
   "cell_type": "code",
   "execution_count": 110,
   "metadata": {},
   "outputs": [
    {
     "data": {
      "text/plain": [
       "[[0, 1.0, 0.0, 0.0],\n",
       " [1, 0.9998799999999999, 0.00011999999999999999, 0.0],\n",
       " [2, 0.9998360000000001, 0.00011600000000000001, 4.8e-05],\n",
       " [3, 0.9997360000000001, 0.000168, 9.6e-05],\n",
       " [4, 0.9996200000000001, 0.00022400000000000002, 0.000156],\n",
       " [5, 0.9994559999999999, 0.0003, 0.00024400000000000005],\n",
       " [6, 0.9992120000000002, 0.000408, 0.00038],\n",
       " [7, 0.998936, 0.0005480000000000002, 0.0005160000000000001],\n",
       " [8, 0.9985000000000004, 0.000756, 0.0007440000000000001],\n",
       " [9, 0.9979680000000001, 0.0009799999999999998, 0.0010519999999999998],\n",
       " [10, 0.9973439999999999, 0.0012319999999999996, 0.0014239999999999995],\n",
       " [11, 0.9965120000000003, 0.0015480000000000001, 0.0019399999999999999],\n",
       " [12, 0.9955240000000009, 0.0019119999999999988, 0.002564],\n",
       " [13, 0.9951200000000001, 0.001564, 0.0033160000000000004],\n",
       " [14, 0.9947960000000005, 0.0012839999999999998, 0.00392],\n",
       " [15, 0.9945200000000001, 0.001056, 0.004423999999999998],\n",
       " [16, 0.9943559999999994, 0.0008280000000000003, 0.004816],\n",
       " [17, 0.9938919999999998, 0.0009679999999999996, 0.005140000000000003],\n",
       " [18, 0.9933439999999999, 0.0011600000000000002, 0.005496000000000001],\n",
       " [19, 0.9926519999999999, 0.0013839999999999994, 0.005963999999999999],\n",
       " [20, 0.9918480000000007, 0.0016399999999999995, 0.006511999999999999],\n",
       " [21, 0.9908200000000011, 0.002023999999999997, 0.007155999999999999],\n",
       " [22, 0.9895359999999997, 0.0025039999999999997, 0.00796],\n",
       " [23, 0.9880000000000003, 0.0030599999999999994, 0.008939999999999997],\n",
       " [24, 0.9861280000000011, 0.003715999999999999, 0.010156],\n",
       " [25, 0.9838400000000008, 0.004515999999999998, 0.011644000000000003],\n",
       " [26, 0.9813120000000003, 0.005331999999999998, 0.013356],\n",
       " [27, 0.9801920000000004, 0.0043559999999999936, 0.015452000000000007],\n",
       " [28, 0.9792640000000007, 0.003523999999999999, 0.017212],\n",
       " [29, 0.9785279999999998, 0.002867999999999997, 0.018603999999999992],\n",
       " [30, 0.9779359999999997, 0.0023559999999999974, 0.019707999999999982],\n",
       " [31, 0.9766079999999998, 0.0027239999999999986, 0.020668000000000002],\n",
       " [32, 0.9750720000000002, 0.0031879999999999955, 0.02174],\n",
       " [33, 0.9732799999999999, 0.0037319999999999923, 0.022988000000000015],\n",
       " [34, 0.9712000000000007, 0.004291999999999992, 0.024507999999999978],\n",
       " [35, 0.968816, 0.005027999999999992, 0.026155999999999995],\n",
       " [36, 0.9660160000000011, 0.005875999999999986, 0.028108000000000043],\n",
       " [37, 0.9626879999999998, 0.006851999999999997, 0.03045999999999997],\n",
       " [38, 0.9589279999999997, 0.007955999999999994, 0.033116000000000013],\n",
       " [39, 0.9545920000000011, 0.009124000000000002, 0.03628400000000002],\n",
       " [40, 0.9499519999999994, 0.010147999999999989, 0.039900000000000005],\n",
       " [41, 0.9479519999999997, 0.008099999999999991, 0.04394800000000002],\n",
       " [42, 0.9462399999999986, 0.006563999999999981, 0.04719599999999997],\n",
       " [43, 0.9451199999999992, 0.00518799999999999, 0.04969200000000002],\n",
       " [44, 0.9441119999999995, 0.004163999999999988, 0.05172400000000001],\n",
       " [45, 0.9419360000000001, 0.004723999999999993, 0.05334000000000001],\n",
       " [46, 0.9397280000000017, 0.005203999999999985, 0.055068000000000006],\n",
       " [47, 0.936944, 0.006003999999999984, 0.057052000000000054],\n",
       " [48, 0.9337760000000009, 0.00689999999999998, 0.05932399999999998],\n",
       " [49, 0.9301119999999999, 0.007923999999999981, 0.06196399999999996],\n",
       " [50, 0.9258240000000011, 0.009155999999999984, 0.06502000000000002],\n",
       " [51, 0.9210400000000016, 0.010483999999999985, 0.068476],\n",
       " [52, 0.9153760000000004, 0.012020000000000015, 0.07260399999999999],\n",
       " [53, 0.909168000000001, 0.013524000000000033, 0.07730799999999989],\n",
       " [54, 0.9024160000000003, 0.014980000000000047, 0.0826039999999999],\n",
       " [55, 0.8995520000000008, 0.011844000000000013, 0.08860400000000002],\n",
       " [56, 0.8974079999999989, 0.00947599999999999, 0.09311600000000012],\n",
       " [57, 0.8958559999999998, 0.007555999999999975, 0.09658799999999994],\n",
       " [58, 0.8944159999999998, 0.006131999999999981, 0.09945199999999979],\n",
       " [59, 0.8914879999999997, 0.006835999999999983, 0.10167600000000021],\n",
       " [60, 0.8883360000000011, 0.007667999999999969, 0.1039959999999998],\n",
       " [61, 0.8844800000000007, 0.008691999999999978, 0.10682799999999999],\n",
       " [62, 0.8799360000000018, 0.009923999999999999, 0.11013999999999999],\n",
       " [63, 0.8750080000000003, 0.011188000000000012, 0.1138039999999999],\n",
       " [64, 0.8692320000000014, 0.012708000000000046, 0.11806000000000005],\n",
       " [65, 0.862688000000003, 0.014420000000000066, 0.1228920000000001],\n",
       " [66, 0.8552800000000019, 0.016356000000000103, 0.12836400000000006],\n",
       " [67, 0.8471840000000022, 0.018228000000000112, 0.13458800000000004],\n",
       " [68, 0.8383040000000034, 0.020052000000000084, 0.14164400000000005],\n",
       " [69, 0.8346080000000012, 0.01598800000000011, 0.1494039999999998],\n",
       " [70, 0.8317440000000014, 0.01282000000000007, 0.15543599999999977],\n",
       " [71, 0.8299200000000017, 0.01027600000000001, 0.15980399999999972],\n",
       " [72, 0.8280160000000014, 0.008403999999999997, 0.1635799999999999],\n",
       " [73, 0.82432, 0.009284000000000008, 0.16639599999999977],\n",
       " [74, 0.8202560000000012, 0.010340000000000021, 0.1694039999999998],\n",
       " [75, 0.8152960000000027, 0.011732000000000077, 0.17297199999999943],\n",
       " [76, 0.8096800000000031, 0.013172000000000093, 0.17714799999999978],\n",
       " [77, 0.803584000000002, 0.014692000000000122, 0.181724],\n",
       " [78, 0.7961760000000024, 0.016660000000000164, 0.1871639999999997],\n",
       " [79, 0.7877600000000035, 0.018964000000000147, 0.19327599999999964],\n",
       " [80, 0.778480000000003, 0.02125200000000011, 0.20026800000000008],\n",
       " [81, 0.7682240000000026, 0.023508000000000043, 0.20826799999999981],\n",
       " [82, 0.7571680000000032, 0.025524000000000033, 0.217307999999999],\n",
       " [83, 0.7527520000000013, 0.02032400000000013, 0.22692399999999965],\n",
       " [84, 0.749280000000002, 0.01622800000000021, 0.2344919999999992],\n",
       " [85, 0.7470720000000025, 0.013076000000000114, 0.2398519999999996],\n",
       " [86, 0.7447360000000014, 0.010836000000000104, 0.244428],\n",
       " [87, 0.7404320000000009, 0.011780000000000122, 0.24778800000000023],\n",
       " [88, 0.7354720000000019, 0.013092000000000157, 0.25143599999999994],\n",
       " [89, 0.7295360000000035, 0.014804000000000223, 0.2556599999999995],\n",
       " [90, 0.7226400000000036, 0.016628000000000254, 0.2607320000000005],\n",
       " [91, 0.7150400000000036, 0.018596000000000185, 0.26636400000000005],\n",
       " [92, 0.7060960000000035, 0.020996000000000133, 0.2729079999999999],\n",
       " [93, 0.6956640000000048, 0.023843999999999987, 0.2804919999999996],\n",
       " [94, 0.6844480000000039, 0.026563999999999987, 0.2889879999999997],\n",
       " [95, 0.6721440000000034, 0.02925199999999994, 0.29860399999999926],\n",
       " [96, 0.6586240000000037, 0.031859999999999916, 0.3095159999999981],\n",
       " [97, 0.6532160000000025, 0.025395999999999964, 0.3213879999999989],\n",
       " [98, 0.6490400000000033, 0.020276000000000134, 0.33068399999999787],\n",
       " [99, 0.6462400000000035, 0.01643600000000024, 0.33732399999999874],\n",
       " [100, 0.6434240000000037, 0.013748000000000274, 0.3428279999999996],\n",
       " [101, 0.6383040000000022, 0.01472400000000029, 0.34697199999999934],\n",
       " [102, 0.632496000000003, 0.016212000000000303, 0.351291999999999],\n",
       " [103, 0.6254400000000048, 0.018132000000000294, 0.3564279999999993],\n",
       " [104, 0.6175680000000044, 0.02003600000000019, 0.3623960000000004],\n",
       " [105, 0.6088800000000045, 0.022212000000000075, 0.368907999999999],\n",
       " [106, 0.5984800000000046, 0.024932000000000037, 0.376588],\n",
       " [107, 0.5867200000000056, 0.028083999999999845, 0.3851959999999987],\n",
       " [108, 0.5737760000000054, 0.031235999999999764, 0.394987999999999],\n",
       " [109, 0.5593280000000045, 0.03449999999999982, 0.40617199999999815],\n",
       " [110, 0.5436960000000056, 0.037507999999999854, 0.418795999999997],\n",
       " [111, 0.537296000000004, 0.030083999999999823, 0.43261999999999734],\n",
       " [112, 0.532496000000004, 0.024195999999999974, 0.44330799999999765],\n",
       " [113, 0.5293120000000046, 0.019700000000000172, 0.45098799999999795],\n",
       " [114, 0.526176000000004, 0.016532000000000328, 0.4572919999999991],\n",
       " [115, 0.520112000000003, 0.017812000000000293, 0.4620759999999994],\n",
       " [116, 0.5133360000000036, 0.01953200000000022, 0.46713199999999916],\n",
       " [117, 0.5051840000000047, 0.021748000000000142, 0.4730679999999998],\n",
       " [118, 0.4959920000000048, 0.024020000000000007, 0.4799879999999989],\n",
       " [119, 0.48564800000000496, 0.026619999999999863, 0.48773199999999844],\n",
       " [120, 0.47359200000000384, 0.029755999999999783, 0.4966519999999966],\n",
       " [121, 0.4601840000000048, 0.033147999999999685, 0.5066679999999983],\n",
       " [122, 0.4450320000000044, 0.03679599999999996, 0.5181719999999989],\n",
       " [123, 0.42882400000000387, 0.039948000000000164, 0.5312279999999971],\n",
       " [124, 0.41213600000000405, 0.042516000000000206, 0.5453479999999976],\n",
       " [125, 0.40576800000000324, 0.033715999999999746, 0.5605159999999966],\n",
       " [126, 0.400936000000003, 0.027035999999999803, 0.5720279999999982],\n",
       " [127, 0.39748800000000345, 0.022124000000000105, 0.5803879999999972],\n",
       " [128, 0.3944640000000031, 0.018428000000000277, 0.5871079999999989],\n",
       " [129, 0.3888320000000026, 0.019236000000000263, 0.5919319999999982],\n",
       " [130, 0.3828560000000028, 0.02012400000000028, 0.5970200000000002],\n",
       " [131, 0.37611200000000194, 0.021268000000000262, 0.602619999999999],\n",
       " [132, 0.36882400000000265, 0.022476000000000242, 0.6086999999999989],\n",
       " [133, 0.36113600000000295, 0.023724000000000134, 0.6151399999999985],\n",
       " [134, 0.3525680000000024, 0.025228000000000028, 0.6222039999999968],\n",
       " [135, 0.34364000000000267, 0.02653199999999988, 0.6298279999999978],\n",
       " [136, 0.3340640000000025, 0.02801999999999972, 0.6379159999999986],\n",
       " [137, 0.3242320000000019, 0.029043999999999574, 0.6467239999999977],\n",
       " [138, 0.31411200000000206, 0.029891999999999468, 0.6559959999999979],\n",
       " [139, 0.310400000000001, 0.024012000000000155, 0.6655879999999966],\n",
       " [140, 0.30763200000000157, 0.020108000000000487, 0.6722599999999986],\n",
       " [141, 0.3056800000000016, 0.01710000000000057, 0.6772199999999986],\n",
       " [142, 0.30404800000000204, 0.014956000000000544, 0.680995999999998],\n",
       " [143, 0.30084800000000067, 0.015340000000000551, 0.6838119999999973],\n",
       " [144, 0.2973920000000015, 0.015884000000000596, 0.6867239999999984],\n",
       " [145, 0.2936800000000013, 0.016460000000000637, 0.6898599999999984],\n",
       " [146, 0.2895520000000013, 0.017164000000000623, 0.6932839999999975],\n",
       " [147, 0.2851040000000013, 0.01790000000000066, 0.6969959999999968],\n",
       " [148, 0.28040000000000126, 0.018652000000000696, 0.7009479999999967],\n",
       " [149, 0.2753280000000014, 0.019420000000000673, 0.705251999999997],\n",
       " [150, 0.270112000000001, 0.020124000000000666, 0.7097639999999974],\n",
       " [151, 0.2648960000000011, 0.020572000000000656, 0.7145319999999963],\n",
       " [152, 0.2596320000000003, 0.02076400000000067, 0.7196039999999964],\n",
       " [153, 0.25787200000000016, 0.01751600000000066, 0.7246119999999966],\n",
       " [154, 0.25652800000000026, 0.015324000000000646, 0.7281479999999968],\n",
       " [155, 0.25548800000000044, 0.013852000000000593, 0.7306599999999964],\n",
       " [156, 0.25467200000000034, 0.012668000000000587, 0.7326599999999969],\n",
       " [157, 0.25318399999999996, 0.012764000000000582, 0.7340519999999967],\n",
       " [158, 0.2516320000000004, 0.01287600000000059, 0.7354919999999966],\n",
       " [159, 0.24987200000000048, 0.013132000000000588, 0.7369959999999961],\n",
       " [160, 0.24800000000000005, 0.013404000000000596, 0.7385959999999963],\n",
       " [161, 0.24599600000000046, 0.013728000000000603, 0.740275999999996],\n",
       " [162, 0.2439240000000008, 0.013944000000000583, 0.7421319999999955],\n",
       " [163, 0.2418280000000005, 0.014084000000000603, 0.7440879999999956],\n",
       " [164, 0.2397400000000005, 0.014212000000000601, 0.7460479999999958],\n",
       " [165, 0.23779600000000045, 0.014172000000000597, 0.7480319999999958],\n",
       " [166, 0.23594000000000007, 0.014052000000000618, 0.7500079999999958],\n",
       " [167, 0.23535600000000012, 0.012712000000000586, 0.7519319999999957],\n",
       " [168, 0.23500400000000027, 0.011816000000000536, 0.753179999999996],\n",
       " [169, 0.23472000000000035, 0.011228000000000493, 0.754051999999996],\n",
       " [170, 0.23458400000000043, 0.010752000000000466, 0.7546639999999957],\n",
       " [171, 0.23428000000000043, 0.010656000000000464, 0.7550639999999958],\n",
       " [172, 0.23399200000000023, 0.010592000000000457, 0.7554159999999959],\n",
       " [173, 0.2337360000000004, 0.01051200000000045, 0.7557519999999956],\n",
       " [174, 0.23348400000000055, 0.010428000000000446, 0.7560879999999954],\n",
       " [175, 0.23325200000000068, 0.010376000000000447, 0.7563719999999956],\n",
       " [176, 0.2330360000000007, 0.010324000000000439, 0.7566399999999956],\n",
       " [177, 0.23284000000000066, 0.010256000000000438, 0.7569039999999956],\n",
       " [178, 0.23264400000000074, 0.01023600000000044, 0.7571199999999955],\n",
       " [179, 0.23249600000000065, 0.010184000000000436, 0.7573199999999954],\n",
       " [180, 0.23241200000000067, 0.010104000000000437, 0.7574839999999953],\n",
       " [181, 0.23241200000000067, 0.010004000000000443, 0.7575839999999953],\n",
       " [181, 0.23241200000000067, 0.010000000000000443, 0.7575879999999953]]"
      ]
     },
     "execution_count": 110,
     "metadata": {},
     "output_type": "execute_result"
    }
   ],
   "source": [
    "data"
   ]
  },
  {
   "cell_type": "markdown",
   "metadata": {},
   "source": [
    "### Visualization"
   ]
  },
  {
   "cell_type": "code",
   "execution_count": 111,
   "metadata": {},
   "outputs": [],
   "source": [
    "import pandas as pd\n",
    "import numpy as np\n",
    "import matplotlib.pyplot as plt\n",
    "import matplotlib"
   ]
  },
  {
   "cell_type": "code",
   "execution_count": 112,
   "metadata": {},
   "outputs": [],
   "source": [
    "font = {'family' : 'Times New Roman',\n",
    "        'weight' : 'normal',\n",
    "        'size'   : 20}\n",
    "\n",
    "matplotlib.rc('font', **font)"
   ]
  },
  {
   "cell_type": "code",
   "execution_count": 113,
   "metadata": {},
   "outputs": [
    {
     "data": {
      "text/html": [
       "<div>\n",
       "<style scoped>\n",
       "    .dataframe tbody tr th:only-of-type {\n",
       "        vertical-align: middle;\n",
       "    }\n",
       "\n",
       "    .dataframe tbody tr th {\n",
       "        vertical-align: top;\n",
       "    }\n",
       "\n",
       "    .dataframe thead th {\n",
       "        text-align: right;\n",
       "    }\n",
       "</style>\n",
       "<table border=\"1\" class=\"dataframe\">\n",
       "  <thead>\n",
       "    <tr style=\"text-align: right;\">\n",
       "      <th></th>\n",
       "      <th>susceptible</th>\n",
       "      <th>infected</th>\n",
       "      <th>recovered</th>\n",
       "    </tr>\n",
       "    <tr>\n",
       "      <th>time</th>\n",
       "      <th></th>\n",
       "      <th></th>\n",
       "      <th></th>\n",
       "    </tr>\n",
       "  </thead>\n",
       "  <tbody>\n",
       "    <tr>\n",
       "      <td>0</td>\n",
       "      <td>1.000000</td>\n",
       "      <td>0.000000</td>\n",
       "      <td>0.000000</td>\n",
       "    </tr>\n",
       "    <tr>\n",
       "      <td>1</td>\n",
       "      <td>0.999880</td>\n",
       "      <td>0.000120</td>\n",
       "      <td>0.000000</td>\n",
       "    </tr>\n",
       "    <tr>\n",
       "      <td>2</td>\n",
       "      <td>0.999836</td>\n",
       "      <td>0.000116</td>\n",
       "      <td>0.000048</td>\n",
       "    </tr>\n",
       "    <tr>\n",
       "      <td>3</td>\n",
       "      <td>0.999736</td>\n",
       "      <td>0.000168</td>\n",
       "      <td>0.000096</td>\n",
       "    </tr>\n",
       "    <tr>\n",
       "      <td>4</td>\n",
       "      <td>0.999620</td>\n",
       "      <td>0.000224</td>\n",
       "      <td>0.000156</td>\n",
       "    </tr>\n",
       "  </tbody>\n",
       "</table>\n",
       "</div>"
      ],
      "text/plain": [
       "      susceptible  infected  recovered\n",
       "time                                  \n",
       "0        1.000000  0.000000   0.000000\n",
       "1        0.999880  0.000120   0.000000\n",
       "2        0.999836  0.000116   0.000048\n",
       "3        0.999736  0.000168   0.000096\n",
       "4        0.999620  0.000224   0.000156"
      ]
     },
     "execution_count": 113,
     "metadata": {},
     "output_type": "execute_result"
    }
   ],
   "source": [
    "columns = [\"time\", \"susceptible\", \"infected\", \"recovered\"]\n",
    "df_vis = pd.DataFrame(data, columns=columns)\n",
    "df_vis = df_vis.set_index(\"time\")\n",
    "df_vis.to_csv(\"states.csv\")\n",
    "df_vis.head()"
   ]
  },
  {
   "cell_type": "code",
   "execution_count": 114,
   "metadata": {},
   "outputs": [
    {
     "data": {
